examples/sel2asc/f2d_malpasset-small_100m.asc
NCOLS 172
NROWS 91
XLLCORNER 536.471618652
YLLCORNER -2343.54003906
CELLSIZE 100.0
NODATA_VALUE -999.0
[rows 30 to 59 of 91, columns 67 to 133 of 172]
-999.000 -999.000 -999.000 -999.000 -999.000 -999.000 49.327 44.047 47.310 59.600 54.459 30.194 35.995 41.109 -999.000 -999.000 35.297 30.000 35.624 -999.000 -999.000 -999.000 -999.000 -999.000 -999.000 -999.000 38.923 32.576 -999.000 -999.000 -999.000 -999.000 33.269 21.816 19.271 17.554 18.320 20.367 20.462 20.131 20.708 28.572 29.967 -999.000 -999.000 44.069 47.216 48.947 48.159 45.639 41.183 39.060 31.630 27.299 25.963 24.244 21.479 16.639 10.799 6.089 3.606 2.431 2.190 2.124 2.119 2.124 1.727
-999.000 -999.000 -999.000 -999.000 -999.000 -999.000 36.047 40.462 38.342 30.000 32.018 30.000 29.997 30.000 45.396 38.947 30.974 30.000 30.685 31.368 30.008 30.609 30.927 32.190 39.316 37.691 29.855 23.687 29.286 30.965 -999.000 37.467 31.154 22.677 17.617 15.292 15.605 15.970 19.167 16.448 15.819 22.975 30.000 -999.000 -999.000 42.341 43.947 46.914 49.313 49.493 44.128 36.908 28.942 26.130 25.537 24.606 21.853 16.835 12.437 7.791 3.262 2.642 2.474 3.246 3.071 2.796 2.364
-999.000 -999.000 42.019 48.166 -999.000 42.988 40.000 40.000 38.397 31.716 29.302 27.728 26.281 26.409 36.785 29.158 28.944 30.000 30.000 30.000 30.000 29.137 29.817 30.027 29.986 31.020 22.744 20.000 24.347 24.168 37.972 36.281 30.714 27.006 19.775 15.056 14.912 14.760 15.299 14.767 14.793 17.439 30.000 30.273 33.181 40.951 40.384 43.191 47.297 51.033 41.476 31.497 26.267 25.615 25.727 24.588 22.881 18.128 13.921 9.444 4.636 3.002 3.770 5.009 5.266 4.366 3.399
-999.000 -999.000 51.427 43.654 57.320 35.995 37.845 40.000 30.233 28.123 25.767 25.058 22.545 23.030 23.142 23.442 23.301 24.523 24.803 23.265 22.698 22.577 23.331 26.048 22.650 20.000 20.000 20.000 20.000 20.000 32.316 32.868 25.212 20.282 19.738 17.946 14.854 14.124 13.814 13.865 14.041 14.686 23.881 24.841 25.074 29.547 32.213 32.496 37.318 37.246 32.184 28.219 24.564 24.051 23.830 22.764 22.378 19.871 16.051 12.357 8.170 5.503 5.167 7.074 7.501 6.031 4.468
42.430 52.033 50.372 32.446 45.239 35.173 35.359 29.768 28.347 25.910 24.459 23.854 25.251 25.589 26.262 22.692 22.193 22.542 22.587 22.415 21.661 21.230 20.754 20.081 20.000 20.000 19.963 20.000 19.975 20.000 22.700 21.403 20.000 19.493 16.632 17.068 14.875 13.753 13.748 13.750 13.751 14.104 14.958 16.200 17.857 18.013 21.412 18.275 21.814 23.969 21.795 20.800 20.658 20.805 21.696 21.054 23.663 21.926 17.167 14.586 11.299 6.757 7.018 9.358 9.088 7.088 5.482
38.267 43.478 30.913 31.720 32.370 27.892 27.022 26.445 25.073 24.433 25.958 28.471 29.717 30.189 30.000 28.020 23.392 18.307 21.854 21.372 20.177 17.446 20.140 20.000 19.941 19.995 19.880 19.472 19.903 19.998 19.768 19.401 18.616 15.277 15.001 14.983 14.589 13.829 13.714 13.750 13.729 13.821 14.822 14.532 14.431 14.171 12.923 11.524 13.978 15.066 12.952 11.683 15.081 16.569 18.866 23.055 24.303 24.087 18.747 14.374 13.850 14.158 14.991 11.305 10.305 9.312 6.922
26.117 28.017 27.533 27.702 27.308 26.923 26.328 25.209 26.307 29.395 30.017 36.487 40.786 36.236 30.000 30.000 29.824 21.071 20.548 21.360 20.545 20.293 20.014 17.352 19.037 19.225 19.074 19.046 19.149 19.348 19.181 17.402 15.399 15.000 15.007 14.942 14.161 13.763 13.633 13.336 13.256 13.415 13.639 13.634 13.122 12.328 11.439 10.980 10.485 10.658 10.403 11.076 14.175 15.398 19.622 23.742 25.398 24.590 18.325 14.630 15.985 17.366 15.087 13.085 11.096 9.951 8.501
35.593 31.372 29.041 28.172 28.710 29.103 29.998 29.674 29.883 38.739 57.416 -999.000 -999.000 -999.000 30.246 30.000 30.000 29.821 20.126 19.962 19.681 19.716 19.509 19.106 18.268 18.981 18.890 18.800 18.864 18.837 17.978 16.413 15.187 15.000 15.091 14.757 14.266 13.531 13.594 13.107 12.684 12.585 12.579 12.469 12.100 11.687 10.852 10.425 9.711 9.859 10.408 10.970 11.613 15.093 22.411 25.577 25.333 25.250 21.051 17.662 18.609 18.570 16.698 12.608 9.505 8.940 8.331
53.859 29.999 29.993 29.931 36.748 39.491 36.019 35.247 31.041 42.717 -999.000 -999.000 -999.000 -999.000 33.670 30.000 30.000 28.435 20.249 19.578 19.007 19.000 19.000 19.067 18.926 18.723 18.186 17.984 17.835 16.589 17.150 16.592 15.852 15.185 13.563 15.061 14.544 13.844 13.554 10.896 12.433 12.370 11.937 11.648 11.430 11.026 10.309 9.676 8.931 8.439 9.745 11.005 8.261 8.584 14.192 19.576 21.784 24.947 23.626 19.022 16.071 15.567 12.038 9.145 6.321 5.662 6.582
41.787 30.155 35.190 39.179 50.731 59.491 49.400 56.016 45.449 50.359 -999.000 -999.000 -999.000 39.626 30.652 30.000 29.835 22.285 20.014 19.860 19.472 19.037 19.002 18.980 18.751 18.356 14.981 17.061 17.517 16.526 13.290 15.415 16.060 12.898 15.279 14.997 14.358 13.796 13.650 12.868 12.487 12.146 9.294 5.587 11.078 10.246 10.163 9.435 8.774 7.303 7.792 6.480 2.111 3.851 5.918 8.000 14.485 18.269 19.180 18.744 15.106 12.224 9.344 6.894 4.087 3.512 3.189
39.741 39.595 42.885 45.994 50.079 53.470 67.499 -999.000 -999.000 -999.000 -999.000 -999.000 -999.000 38.005 30.531 30.000 29.236 23.598 20.365 20.007 20.000 19.765 19.070 18.991 18.970 18.977 18.568 18.084 18.122 18.251 17.929 17.925 18.454 18.899 21.243 17.251 16.086 15.137 13.742 13.148 12.504 12.458 12.572 11.908 11.120 10.040 6.968 6.810 5.693 4.564 6.463 7.323 7.264 7.008 5.820 1.625 7.001 10.945 13.568 14.428 10.583 9.464 7.888 5.945 4.467 4.067 3.145
43.944 48.183 49.345 -999.000 -999.000 -999.000 -999.000 -999.000 -999.000 -999.000 -999.000 -999.000 -999.000 -999.000 36.605 30.000 29.748 27.804 21.905 20.429 20.000 19.959 19.542 19.420 19.602 19.798 19.866 19.570 21.525 23.979 22.393 25.104 20.246 27.435 29.939 28.548 24.527 19.519 16.870 14.705 13.831 13.130 14.349 14.601 15.779 19.280 13.734 10.072 9.300 8.368 8.022 8.044 8.080 7.491 6.098 6.019 5.548 5.708 5.795 6.775 7.403 6.341 7.321 5.751 4.761 3.891 3.037
49.385 -999.000 -999.000 -999.000 -999.000 -999.000 -999.000 -999.000 -999.000 -999.000 -999.000 -999.000 -999.000 -999.000 -999.000 40.065 30.234 29.504 27.298 21.250 20.150 20.029 19.947 19.992 20.000 20.832 22.827 20.173 27.071 39.860 40.000 38.334 27.789 29.587 30.000 30.000 30.000 29.916 27.635 19.902 19.631 16.874 16.479 17.365 19.001 21.250 20.027 16.304 10.812 9.711 9.173 8.740 8.607 8.136 7.472 6.753 6.605 2.169 5.655 6.550 6.325 5.459 5.227 5.115 4.489 3.659 2.957
-999.000 -999.000 -999.000 -999.000 -999.000 -999.000 -999.000 -999.000 -999.000 -999.000 -999.000 -999.000 -999.000 -999.000 -999.000 -999.000 38.129 33.373 29.080 26.044 22.017 20.376 20.000 20.000 20.142 22.851 29.606 -999.000 -999.000 -999.000 -999.000 -999.000 -999.000 29.942 30.000 30.000 30.000 30.000 29.631 28.631 24.555 20.262 19.965 20.727 24.475 27.151 27.148 25.861 15.466 10.388 9.896 9.525 8.992 8.876 8.493 7.211 6.736 5.419 1.930 5.871 6.167 5.829 5.464 4.596 3.806 3.143 2.862
-999.000 -999.000 -999.000 -999.000 -999.000 -999.000 -999.000 -999.000 -999.000 -999.000 -999.000 -999.000 -999.000 -999.000 -999.000 -999.000 -999.000 38.094 30.096 28.956 25.449 21.964 20.108 20.000 20.042 25.607 -999.000 -999.000 -999.000 -999.000 -999.000 -999.000 -999.000 -999.000 -999.000 -999.000 -999.000 30.000 30.000 30.000 28.452 22.597 20.905 26.810 29.719 29.999 30.000 29.597 22.223 14.391 11.276 9.938 9.845 9.535 9.335 8.914 6.649 6.195 6.188 5.565 3.595 5.479 5.515 5.039 4.320 3.398 3.014
-999.000 -999.000 -999.000 -999.000 -999.000 -999.000 -999.000 -999.000 -999.000 -999.000 -999.000 -999.000 -999.000 -999.000 -999.000 -999.000 38.280 34.109 30.046 28.840 26.025 21.798 20.103 20.000 20.000 29.990 -999.000 -999.000 -999.000 -999.000 -999.000 -999.000 -999.000 -999.000 -999.000 -999.000 -999.000 -999.000 -999.000 -999.000 18.781 18.049 27.232 28.109 29.546 30.000 30.000 29.998 26.320 20.474 17.309 10.055 9.944 9.969 9.891 9.732 7.171 5.543 6.077 6.061 5.966 1.183 5.482 5.239 4.850 3.904 3.207
-999.000 -999.000 -999.000 -999.000 -999.000 -999.000 -999.000 -999.000 -999.000 -999.000 -999.000 -999.000 -999.000 39.521 37.133 34.534 31.295 30.236 29.646 27.138 24.154 21.007 20.033 20.000 25.075 -999.000 -999.000 -999.000 -999.000 -999.000 -999.000 -999.000 -999.000 -999.000 -999.000 -999.000 -999.000 -999.000 -999.000 -999.000 -999.000 -999.000 -999.000 24.195 29.160 28.856 27.932 24.148 22.055 20.062 19.675 11.563 9.994 9.990 10.000 9.977 7.345 7.137 6.443 6.880 7.099 5.845 0.943 5.251 4.968 4.340 3.443
-999.000 -999.000 -999.000 -999.000 -999.000 -999.000 -999.000 -999.000 -999.000 -999.000 -999.000 40.567 37.851 33.677 31.695 31.031 30.000 30.000 29.774 26.415 23.210 21.017 20.027 20.163 25.801 -999.000 -999.000 -999.000 -999.000 -999.000 -999.000 -999.000 -999.000 -999.000 -999.000 -999.000 -999.000 -999.000 -999.000 -999.000 -999.000 -999.000 -999.000 29.071 22.877 20.548 19.442 19.857 17.873 17.263 19.781 18.939 10.138 9.795 10.000 9.979 9.923 9.564 8.639 6.773 6.086 5.231 1.394 4.936 4.636 4.318 3.865
-999.000 -999.000 -999.000 -999.000 -999.000 -999.000 -999.000 -999.000 -999.000 -999.000 47.595 39.955 34.116 30.094 30.241 30.000 30.000 30.000 29.885 27.860 26.183 23.583 20.631 24.536 27.797 -999.000 -999.000 -999.000 -999.000 -999.000 -999.000 -999.000 -999.000 -999.000 -999.000 -999.000 -999.000 -999.000 -999.000 -999.000 -999.000 -999.000 22.289 24.448 16.618 13.805 14.579 14.917 11.184 9.676 15.176 14.885 9.932 8.804 9.857 9.338 7.369 6.878 6.788 6.367 5.135 4.996 4.233 0.058 2.783 4.303 3.173
-999.000 -999.000 -999.000 -999.000 -999.000 -999.000 -999.000 -999.000 -999.000 -999.000 38.989 36.105 30.317 30.000 30.000 30.000 30.000 30.000 29.782 29.379 28.339 27.778 26.721 27.932 29.200 -999.000 -999.000 -999.000 -999.000 -999.000 -999.000 -999.000 -999.000 -999.000 -999.000 -999.000 -999.000 -999.000 -999.000 -999.000 -999.000 -999.000 19.883 19.861 12.107 10.310 9.346 7.945 6.881 6.615 7.889 7.403 6.148 7.104 9.066 7.217 5.383 5.266 5.955 6.627 5.347 4.988 4.899 4.760 4.558 4.348 3.603
-999.000 -999.000 -999.000 -999.000 -999.000 -999.000 -999.000 -999.000 -999.000 32.703 32.104 30.177 30.000 30.000 31.170 30.228 30.019 30.118 31.090 32.648 32.519 33.084 29.665 29.552 30.016 29.991 -999.000 -999.000 -999.000 -999.000 -999.000 -999.000 -999.000 -999.000 -999.000 -999.000 -999.000 -999.000 -999.000 -999.000 -999.000 -999.000 18.113 15.280 10.078 8.495 6.019 5.077 5.035 4.999 6.001 6.578 5.019 5.034 5.123 5.151 4.998 5.005 5.446 5.747 5.188 4.991 4.935 4.763 4.577 4.345 4.078
-999.000 -999.000 -999.000 -999.000 -999.000 -999.000 -999.000 -999.000 -999.000 -999.000 30.000 30.000 30.000 33.173 36.213 36.009 36.307 43.056 45.136 46.133 -999.000 -999.000 -999.000 -999.000 -999.000 -999.000 -999.000 -999.000 -999.000 -999.000 -999.000 -999.000 -999.000 -999.000 -999.000 -999.000 -999.000 -999.000 -999.000 -999.000 -999.000 -999.000 13.951 9.888 8.063 6.606 5.077 4.962 4.927 4.963 7.310 7.662 4.886 4.888 4.960 4.838 4.866 4.974 5.080 5.119 5.034 4.977 4.926 4.803 4.514 4.282 4.048
-999.000 -999.000 -999.000 -999.000 -999.000 -999.000 -999.000 -999.000 -999.000 -999.000 -999.000 -999.000 -999.000 -999.000 -999.000 -999.000 -999.000 -999.000 -999.000 -999.000 -999.000 -999.000 -999.000 -999.000 -999.000 -999.000 -999.000 -999.000 -999.000 -999.000 -999.000 -999.000 -999.000 -999.000 -999.000 -999.000 -999.000 -999.000 -999.000 -999.000 -999.000 15.349 11.119 7.493 5.584 5.262 4.995 4.954 4.918 5.168 6.823 5.745 4.707 4.617 4.333 4.166 4.429 4.913 5.010 4.997 4.983 4.948 4.877 4.736 4.463 4.136 3.893
-999.000 -999.000 -999.000 -999.000 -999.000 -999.000 -999.000 -999.000 -999.000 -999.000 -999.000 -999.000 -999.000 -999.000 -999.000 -999.000 -999.000 -999.000 -999.000 -999.000 -999.000 -999.000 -999.000 -999.000 -999.000 -999.000 -999.000 -999.000 -999.000 -999.000 -999.000 -999.000 -999.000 -999.000 -999.000 -999.000 -999.000 -999.000 -999.000 -999.000 -999.000 11.190 8.153 6.553 5.217 5.124 4.988 4.971 4.930 5.066 6.122 6.482 4.934 4.180 3.852 3.340 3.540 4.583 4.951 5.024 4.861 4.688 4.650 4.528 4.174 3.935 3.799
-999.000 -999.000 -999.000 -999.000 -999.000 -999.000 -999.000 -999.000 -999.000 -999.000 -999.000 -999.000 -999.000 -999.000 -999.000 -999.000 -999.000 -999.000 -999.000 -999.000 -999.000 -999.000 -999.000 -999.000 -999.000 -999.000 -999.000 -999.000 -999.000 -999.000 -999.000 -999.000 -999.000 -999.000 -999.000 -999.000 -999.000 -999.000 -999.000 -999.000 -999.000 8.673 6.730 5.565 5.000 4.999 4.990 4.965 4.920 5.115 5.170 5.079 4.347 4.033 3.520 3.235 3.396 4.186 4.693 4.752 4.462 4.331 4.244 4.138 3.928 3.750 3.646
-999.000 -999.000 -999.000 -999.000 -999.000 -999.000 -999.000 -999.000 -999.000 -999.000 -999.000 -999.000 -999.000 -999.000 -999.000 -999.000 -999.000 -999.000 -999.000 -999.000 -999.000 -999.000 -999.000 -999.000 -999.000 -999.000 -999.000 -999.000 -999.000 -999.000 -999.000 -999.000 -999.000 -999.000 -999.000 -999.000 -999.000 -999.000 -999.000 -999.000 8.759 7.869 6.469 5.422 5.053 4.997 4.989 4.974 4.938 4.954 4.864 4.503 4.326 4.068 3.780 3.497 3.393 3.881 4.213 4.168 4.135 4.068 4.034 3.915 3.753 3.596 3.504
-999.000 -999.000 -999.000 -999.000 -999.000 -999.000 -999.000 -999.000 -999.000 -999.000 -999.000 -999.000 -999.000 -999.000 -999.000 -999.000 -999.000 -999.000 -999.000 -999.000 -999.000 -999.000 -999.000 -999.000 -999.000 -999.000 -999.000 -999.000 -999.000 -999.000 -999.000 -999.000 -999.000 -999.000 -999.000 -999.000 -999.000 -999.000 -999.000 -999.000 7.693 7.142 6.313 5.341 5.036 4.984 4.997 4.981 4.961 4.923 4.744 4.416 4.298 4.235 4.051 3.931 3.782 3.986 3.922 3.806 3.866 3.867 3.850 3.736 3.594 3.466 3.375
-999.000 -999.000 -999.000 -999.000 -999.000 -999.000 -999.000 -999.000 -999.000 -999.000 -999.000 -999.000 -999.000 -999.000 -999.000 -999.000 -999.000 -999.000 -999.000 -999.000 -999.000 -999.000 -999.000 -999.000 -999.000 -999.000 -999.000 -999.000 -999.000 -999.000 -999.000 -999.000 -999.000 -999.000 -999.000 -999.000 -999.000 -999.000 -999.000 -999.000 7.340 7.283 6.369 5.400 5.108 4.965 4.962 4.923 4.878 4.820 4.636 4.475 4.403 4.345 4.397 4.367 4.235 4.117 3.971 3.842 3.780 3.725 3.712 3.628 3.514 3.387 3.253
-999.000 -999.000 -999.000 -999.000 -999.000 -999.000 -999.000 -999.000 -999.000 -999.000 -999.000 -999.000 -999.000 -999.000 -999.000 -999.000 -999.000 -999.000 -999.000 -999.000 -999.000 -999.000 -999.000 -999.000 -999.000 -999.000 -999.000 -999.000 -999.000 -999.000 -999.000 -999.000 -999.000 -999.000 -999.000 -999.000 -999.000 -999.000 -999.000 -999.000 6.349 7.448 6.419 5.486 5.241 5.265 4.901 4.852 4.817 4.838 4.760 4.619 4.578 4.608 4.719 4.752 4.674 4.515 4.244 4.051 3.825 3.687 3.627 3.582 3.502 3.368 3.180
-999.000 -999.000 -999.000 -999.000 -999.000 -999.000 -999.000 -999.000 -999.000 -999.000 -999.000 -999.000 -999.000 -999.000 -999.000 -999.000 -999.000 -999.000 -999.000 -999.000 -999.000 -999.000 -999.000 -999.000 -999.000 -999.000 -999.000 -999.000 -999.000 -999.000 -999.000 -999.000 -999.000 -999.000 -999.000 -999.000 -999.000 -999.000 -999.000 5.235 6.753 7.990 7.036 6.762 7.666 7.712 7.211 6.310 5.297 4.932 4.851 4.769 4.799 4.861 4.886 4.895 4.857 4.811 4.541 4.121 3.867 3.699 3.608 3.572 3.493 3.391 3.215
